function [loss_ave, loss_peak] = corona( emav, einit, roughness, n_div_number, rline, sunny, rainny, snow, foggy)
% rline: cm
% sunny...foggy: hours

x1=[...
0 0 
0.437630415533084000 	0.004037541055421670 
0.439703348775730000 	0.004270944303449100 
0.445806785029858000 	0.004492054023687080 
0.453127085365228000 	0.004574615872183310 
0.458306009701761000 	0.004707432496487670 
0.462889869723491000 	0.004859253002043800 
0.467592635666376000 	0.005013360465145550 
0.471820847342710000 	0.005177741123865700 
0.475692875964615000 	0.005353079761158750 
0.478377449502079000 	0.005554551892021160 
0.482023429880396000 	0.005683195596613170 
0.482251616960115000 	0.005730710223432680 
0.487302010612905000 	0.005955685193080880 
0.492599840870592000 	0.006125410686603710 
0.496305909176463000 	0.006633026517765980 
0.496841954981777000 	0.006241239724393930 
0.504102902614513000 	0.006733881247933430 
0.509162921029892000 	0.006932995403056120 
0.512796603100457000 	0.007178972089143260 
0.516075171534658000 	0.007433675815503900 
0.519709923023288000 	0.007689409491581100 
0.524650500808480000 	0.007925021133335150 
0.529471637963486000 	0.008176357069408530 
0.530595796866177000 	0.007721486422661630 
0.533341527749260000 	0.008470853916709430 
0.538406358545934000 	0.008680579884193790 
0.544368431099533000 	0.009336570595948790 
0.546092667214209000 	0.009814822679222650 
0.552475087906165000 	0.009907185252290450 
0.556708646672826000 	0.010178921882278800 
0.558852896732714000 	0.011271867825604400 
0.559748333846654000 	0.010562022671545000 
0.563501456547405000 	0.010925377887947100 
0.566068728290813000 	0.011324780694598200 
0.566977198937426000 	0.011757124170157000 
0.569691181471690000 	0.011855420165415100 
0.574989011729377000 	0.012193276679529300 
0.578156160168882000 	0.012540761449963100 
0.583434740901391000 	0.013142047639890200 
0.593908821950447000 	0.013945238160499100 
0.594419201722191000 	0.013453416957870500 
0.595292381572643000 	0.014455039040418000 
0.598215836370481000 	0.014967891334947800 
0.602207305622572000 	0.015458666306026800 
0.607029512195644000 	0.015932336195981200 
0.611614441635440000 	0.016429066670264500 
0.615725351517718000 	0.016950101855018000 
0.619243335921325000 	0.017505870570966700 
0.620389618410246000 	0.018155283579434600 
0.626755997831220000 	0.018614465617390700 
0.631223625476960000 	0.019174852076348000 
0.635334535359239000 	0.019782967728608600 
0.638970356265934000 	0.020442256523575900 
0.641538162718375000 	0.021178547765116000 
0.643513043692144000 	0.021964205602775100 
0.645725201799189000 	0.022767158640517600 
0.649493831061889000 	0.023197676398994700 
0.654198735840905000 	0.023883608563066200 
0.658189670383964000 	0.024679555648712200 
0.662300045557210000 	0.025475501765472000 
0.665816425833718000 	0.026351911213245800 
0.668620974710401000 	0.027301056988898100 
0.671663335429393000 	0.028254968262615700 
0.675300225754154000 	0.029166225847149000 
0.678937116078914000 	0.030106872612999000 
0.682927515912941000 	0.031126409490342400 
0.684215162102390000 	0.031566815049135700 
0.688561744990846000 	0.032601844125450700 
0.688749294184077000 	0.034200564761763500 
0.690247281539278000 	0.031714997300301900 
0.693027233800455000 	0.033653293819287300 
0.695950153889260000 	0.034865421524442400 
0.696859159244905000 	0.036177640112873300 
0.701328925726777000 	0.037189275869032500 
0.705678716869428000 	0.038288925680433600 
0.709197770691101000 	0.039503229442559400 
0.712480082088531000 	0.040756043912429300 
0.715642952855774000 	0.042092374182660100 
0.719993278707459000 	0.043314458660155000 
0.724819762952791000 	0.044456207195191100 
0.725374189381106000 	0.046105393343498700 
0.728416015391065000 	0.047741172859576100 
0.731934534503704000 	0.049280884582429600 
0.735928142591927000 	0.050790903022242200 
0.739446126995534000 	0.052456261448757300 
0.741777191023733000 	0.054345636323987400 
0.743870977918656000 	0.056332368490111300 
0.746795502134558000 	0.058270317364081000 
0.750787506095683000 	0.060149606986976600 
0.754778975347775000 	0.062121823444783300 
0.757939172569854000 	0.064325852061029400 
0.760744790864603000 	0.066573426413094100 
0.764145473474154000 	0.068684751312250000 
0.767309413659463000 	0.070863035253023000 
0.769998799578221000 	0.073186529143954100 
0.773163274472563000 	0.075468302443591200 
0.776445585869993000 	0.077861721479250700 
0.779132832952620000 	0.080582245228214700 
0.781938451247369000 	0.083397825306888000 
0.785458039778074000 	0.085997961332723500 
0.788504678169327000 	0.088633029848620400 
0.791431341221361000 	0.091491554407523600 
0.794356934855329000 	0.094540609406880200 
0.796451791168318000 	0.097894828535932500 
0.798073162632822000 	0.101368052461297000 
0.801117662187944000 	0.104691760651166000 
0.804990760227914000 	0.108124448306094000 
0.807914749734784000 	0.111902365411853000 
0.811077085792995000 	0.115631632762357000 
0.812356711346953000 	0.118186603606472000 
0.814692587756446000 	0.121871366904286000 
0.815086200443167000 	0.117389804102369000 
0.817260928917920000 	0.126195257692792000 
0.817562371135123000 	0.118494503057529000 
0.821013516909638000 	0.130604577048148000 
0.824529362477114000 	0.135167960015189000 
0.826622614663005000 	0.140182268284298000 
0.832871157580891000 	0.143652976447743000 
0.835321662239276000 	0.148672276388852000 
0.836704152443406000 	0.154267806749069000 
0.838442290992933000 	0.159990659553478000 
0.840416637257670000 	0.166012176238547000 
0.841326177322348000 	0.172170708393594000 
0.843903073828346000 	0.176801023000986000 
0.847065409886556000 	0.182693108303979000 
0.850222933563472000 	0.189667739913618000 
0.851283462091268000 	0.190558086077153000 
0.855491889533391000 	0.200632103107502000 
0.855496701914686000 	0.199694688028662000 
0.857579259919922000 	0.209269358481690000 
0.859685879831631000 	0.214227494322474000 
0.865996114804168000 	0.231980633361157000 
0.870209354627586000 	0.243103303362270000 
0.873352441160618000 	0.255955168473961000 
0.879672300895745000 	0.274582338380445000 
0.885996973012166000 	0.293188803912054000 
0.891241867075612000 	0.317485505961889000 
0.897448167979912000 	0.338999209859627000 
0.897764782565919000 	0.351941102559792000 
0.899858034751809000 	0.364997015962691000 
0.901122153743819000 	0.378734290549556000 
0.902787371349007000 	0.375789613838992000 
0.905808343706689000 	0.397099873381785000 
0.909801951794911000 	0.409267433609947000 
0.912367619411221000 	0.424891939677808000 
0.914816519942508000 	0.440424860824452000 
0.917029747467618000 	0.456050754314621000 
0.919005163150420000 	0.472722758991876000 
0.921455667808805000 	0.489239905904122000 
0.924262355521619000 	0.505807489404040000 
0.926476652464795000 	0.523208303195637000 
0.928096954511233000 	0.542335409544064000 
0.929952929563848000 	0.562747111868360000 
0.931928345246650000 	0.583319652078892000 
0.933549182002122000 	0.604329717692174000 
0.935169484048560000 	0.626422407561989000 
0.938436288884041000 	0.656115691543609000 
0.939482380267953000 	0.668522573811400000 
0.943642683897130000 	0.737612470184737000 
0.948882765579282000 	0.802488255260490000 
0.950974948347107000 	0.833124659684633000 
0.951977728299369000 	0.885423121738775000 
0.955096752925928000 	0.954318773630953000 
0.955120814832401000 	0.932231776207784000 
0.955159313882757000 	0.897950916337727000 
0.957203372837637000 	0.976929069516608000 
0.958235027077665000 	1.009486287313550000 
0.962443454519788000 	1.062853647679370000 
0.965596165815410000 	1.108609726782400000 
0.968801813305272000 	1.098274394971590000 
0.969814218020122000 	1.156335614973870000 
0.970802560828499000 	1.246311236847540000 
0.973993771174478000 	1.252161722696120000 
0.976564785881115000 	1.293218249596980000 
